gen,,
shape,0,-16777216,Shape_3,255,0,10,5,5,
pt,0,386,195,
pt,1,450,180,
pt,2,444,274,
pt,3,398,276,
pt,4,336,270,
pt,5,350,199,
shape,1,-1,Shape_5,255,0,10,5,5,
pt,0,398,204,
pt,1,440,194,
pt,2,436,255,
pt,3,406,257,
pt,4,366,253,
pt,5,375,207,
shape,2,-16777216,Shape_0,255,1,16,5,5,
pt,0,263,164,
pt,1,570,144,
pt,2,351,231,
pt,3,315,384,
pt,4,114,317,
pt,5,82,180,
shape,3,-8355712,Shape_2,255,0,30,5,5,
pt,0,261,161,
pt,1,568,141,
pt,2,349,228,
pt,3,313,381,
pt,4,112,314,
pt,5,80,177,
shape,4,-16777216,Shape_1,255,0,10,5,5,
pt,0,253,189,
pt,1,317,174,
pt,2,311,268,
pt,3,265,270,
pt,4,203,264,
pt,5,217,193,
shape,5,-1,Shape_4,255,0,10,5,5,
pt,0,262,195,
pt,1,304,185,
pt,2,300,246,
pt,3,270,248,
pt,4,230,244,
pt,5,239,198,
shape,6,-16777216,Shape_6,255,0,10,5,5,
pt,0,311,305,
pt,1,341,310,
pt,2,332,332,
pt,3,301,333,
pt,4,258,329,
pt,5,239,302,
pt,6,253,302,
pt,7,261,313,
pt,8,309,319,
