gen,,
shape,0,-16777216,Noir,0,0,10,5,5,
pt,0,153,164,
pt,1,267,91,
pt,2,492,134,
pt,3,370,355,
pt,4,174,396,
pt,5,127,311,
shape,1,-2037263,yeux_blc,0,0,10,5,5,
pt,0,158,167,
pt,1,348,87,
pt,2,424,215,
pt,3,371,348,
pt,4,174,382,
pt,5,132,314,
shape,2,-16760704,Cil,255,0,10,5,5,
pt,0,64,90,
pt,1,279,75,
pt,2,484,90,
pt,3,448,241,
pt,4,418,99,
pt,5,117,150,
shape,3,-16760704,iris,255,0,10,5,5,
pt,0,224,160,
pt,1,321,121,
pt,2,395,256,
pt,3,318,297,
pt,4,195,339,
pt,5,154,192,
shape,4,-16777216,reflet,255,0,10,5,5,
pt,0,275,183,
pt,1,331,181,
pt,2,333,245,
pt,3,292,255,
pt,4,244,264,
pt,5,233,188,
shape,5,-1,Shape_5,0,0,10,5,5,
pt,0,263,149,
pt,1,319,147,
pt,2,321,211,
pt,3,280,221,
pt,4,232,230,
pt,5,221,154,
