gen,,0.07,
shape,0,-12577347,shape_1,255,0,10,5,5,
shapefx,0,0,0,-16777152,255,0,1,4,5,5,100,0,0,1
shapefx,1,0,22,-16777103,255,1,0,10,5,5,87,0,0,1
pt,0,256,173,
pt,1,487,151,
pt,2,431,328,
pt,3,395,481,
pt,4,194,414,
pt,5,201,199,
shape,1,-2491416,Shape_3,255,0,10,5,5,
shapefx,0,0,0,0,0,0,0,1,1,1,0,0,0,0
pt,0,321,213,
pt,1,348,204,
pt,2,368,260,
pt,3,331,267,
pt,4,303,269,
pt,5,292,224,
shape,2,-16760254,Shape_4,255,0,10,5,5,
shapefx,0,0,0,0,0,0,0,1,1,1,0,0,0,0
pt,0,322,225,
pt,1,337,220,
pt,2,362,250,
pt,3,332,256,
pt,4,316,260,
pt,5,304,231,
shape,3,-2491416,Shape_1,255,0,10,5,5,
shapefx,0,0,0,0,0,0,0,1,1,1,0,0,0,0
pt,0,279,214,
pt,1,306,205,
pt,2,326,261,
pt,3,289,268,
pt,4,261,270,
pt,5,250,225,
shape,4,-16760254,Shape_2,255,0,10,5,5,
shapefx,0,0,0,0,0,0,0,1,1,1,0,0,0,0
pt,0,285,229,
pt,1,300,224,
pt,2,324,254,
pt,3,294,260,
pt,4,278,264,
pt,5,267,235,
shape,5,-16760254,Shape_5,255,0,10,5,5,
shapefx,0,0,0,0,0,0,0,1,1,1,0,0,0,0
pt,0,336,288,
pt,1,405,299,
pt,2,371,349,
pt,3,341,355,
pt,4,325,359,
pt,5,266,271,
shape,6,-16777216,Shape_6,255,0,10,5,5,
shapefx,0,0,0,0,0,0,0,1,1,1,0,0,0,0
pt,0,330,284,
pt,1,397,295,
pt,2,365,344,
pt,3,335,350,
pt,4,319,354,
pt,5,262,268,
shape,7,-2491416,Shape_7,255,0,10,5,5,
shapefx,0,0,0,0,0,0,0,1,1,1,0,0,0,0
pt,0,314,283,
pt,1,370,278,
pt,2,363,311,
pt,3,324,301,
pt,4,296,303,
pt,5,285,294,
shape,8,-16760832,Shape_8,255,0,10,5,5,
shapefx,0,0,0,-16752128,255,1,1,2,1,1,100,0,0,1
pt,0,127,143,
pt,1,183,106,
pt,2,259,137,
pt,3,269,181,
pt,4,181,186,
pt,5,134,198,
shape,9,-16760832,Shape_9,255,0,10,5,5,
shapefx,0,0,0,-16745216,255,1,1,2,1,1,100,0,0,1
pt,0,248,35,
pt,1,306,70,
pt,2,309,152,
pt,3,274,180,
pt,4,232,102,
pt,5,201,64,
