obj,obj_0,123,387,100,100,16,0,0
shape,0,-6767110,hear2,255,0,10,5,5,0,0,0,
shapefx,0,-1,-1,-16777216,255,0,1,7,5,5,100,0,0,1
pt,0,344,205,
pt,1,387,201,
pt,2,377,255,
pt,3,350,255,
pt,4,313,256,
pt,5,306,203,
shape,1,-6767110,hear,255,0,10,5,5,0,0,0,
shapefx,0,1,-1,-16777216,255,0,1,6,5,5,100,0,0,1
shapefx,1,3,7,-11435310,255,1,0,10,5,5,82,0,0,1
pt,0,104,206,
pt,1,147,202,
pt,2,137,256,
pt,3,110,256,
pt,4,73,257,
pt,5,66,204,
shape,2,-6767110,head,255,0,10,5,5,0,0,0,
shapefx,0,-1,-1,-16777216,255,0,1,8,5,5,100,0,0,1
pt,0,217,120,
pt,1,377,108,
pt,2,338,305,
pt,3,238,306,
pt,4,105,310,
pt,5,77,113,
shape,3,-16760704,mouth,255,0,10,5,5,0,0,0,
shapefx,0,0,0,-16777216,255,0,1,6,5,5,100,0,0,1
shapefx,1,-1,0,-16777216,255,1,0,10,5,5,92,0,0,1
shapefx,2,0,5,-7434503,255,1,0,10,5,5,55,0,0,0
pt,0,238,263,
pt,1,273,261,
pt,2,253,279,
pt,3,231,279,
pt,4,193,280,
pt,5,214,262,
shape,4,-3282440,eye,255,0,10,5,5,3,40,40,
shapefx,0,-1,-2,-16777216,255,0,1,10,5,5,98,0,0,1
shapefx,1,0,0,-16760704,255,1,0,10,5,5,50,0,0,1
shapefx,2,0,0,-16777216,255,1,0,10,5,5,33,0,0,1
shapefx,3,0,-16,-1,255,1,0,10,5,5,32,0,0,1
pt,0,269,190,
shape,5,-3282440,eye2,255,0,10,5,5,3,40,40,
shapefx,0,-1,-2,-16777216,255,0,1,10,5,5,98,0,0,1
shapefx,1,0,0,-16760704,255,1,0,10,5,5,50,0,0,1
shapefx,2,0,0,-16777216,255,1,0,10,5,5,33,0,0,1
shapefx,3,0,-16,-1,255,1,0,10,5,5,32,0,0,1
pt,0,183,190,
