gen,,0.06,
shape,0,1006632960,shado,60,0,10,5,5,
shapefx,0,0,0,0,0,0,0,1,1,1,0,0,0
pt,0,197,397,
pt,1,226,361,
pt,2,339,361,
pt,3,410,370,
pt,4,461,379,
pt,5,430,424,
pt,6,339,434,
pt,7,280,445,
pt,8,170,433,
shape,1,-16765349,armR,255,0,10,5,5,
shapefx,0,0,0,0,0,0,0,1,1,1,0,0,0
pt,0,253,288,
pt,1,247,289,
pt,2,243,289,
pt,3,238,291,
pt,4,224,274,
pt,5,221,243,
pt,6,225,238,
pt,7,229,240,
pt,8,270,211,
pt,9,292,205,
pt,10,296,207,
pt,11,289,208,
pt,12,300,215,
pt,13,264,225,
pt,14,244,238,
pt,15,235,246,
pt,16,236,270,
pt,17,245,275,
shape,2,-16760704,Queue,255,0,10,5,5,
shapefx,0,0,0,-16746241,255,0,0,10,5,5,100,0,0
pt,0,366,280,
pt,1,458,256,
pt,2,432,360,
pt,3,506,398,
pt,4,399,403,
pt,5,348,339,
shape,3,-16763284,FootR,255,0,10,5,5,
shapefx,0,0,0,0,0,0,0,1,1,1,0,0,0
pt,0,210,396,
pt,1,219,341,
pt,2,301,362,
pt,3,310,378,
pt,4,256,402,
pt,5,235,398,
shape,4,-16760704,Body,255,0,10,5,5,
shapefx,0,0,0,0,0,0,0,1,1,1,0,0,0
pt,0,286,194,
pt,1,325,179,
pt,2,430,200,
pt,3,374,289,
pt,4,350,308,
pt,5,312,275,
pt,6,320,264,
pt,7,315,229,
pt,8,259,215,
shape,5,-16763284,FootL,255,0,10,5,5,
shapefx,0,0,0,0,0,0,0,1,1,1,0,0,0
pt,0,252,417,
pt,1,261,362,
pt,2,343,383,
pt,3,352,399,
pt,4,298,423,
pt,5,277,419,
shape,6,-16760704,Head,255,0,10,5,5,
shapefx,0,0,0,0,0,0,0,1,1,1,0,0,0
pt,0,238,99,
pt,1,277,84,
pt,2,339,115,
pt,3,283,204,
pt,4,259,223,
pt,5,174,171,
pt,6,182,160,
pt,7,177,125,
pt,8,219,207,
shape,7,-16760704,oreilleL,255,0,10,5,5,
shapefx,0,0,0,0,0,0,0,1,1,1,0,0,0
pt,0,289,132,
pt,1,274,79,
pt,2,334,94,
pt,3,356,50,
pt,4,360,112,
pt,5,323,144,
shape,8,-16760704,LegL,255,0,10,5,5,
shapefx,0,0,0,0,0,0,0,1,1,1,0,0,0
pt,0,325,386,
pt,1,318,390,
pt,2,312,391,
pt,3,308,395,
pt,4,285,379,
pt,5,273,341,
pt,6,276,335,
pt,7,281,335,
pt,8,322,289,
pt,9,347,275,
pt,10,352,275,
pt,11,346,279,
pt,12,360,284,
pt,13,320,307,
pt,14,300,329,
pt,15,291,342,
pt,16,299,371,
pt,17,312,373,
shape,9,-16760704,LegR,255,0,10,5,5,
shapefx,0,0,0,0,0,0,0,1,1,1,0,0,0
pt,0,289,367,
pt,1,282,370,
pt,2,276,371,
pt,3,271,374,
pt,4,250,357,
pt,5,240,318,
pt,6,244,312,
pt,7,249,313,
pt,8,293,270,
pt,9,319,257,
pt,10,324,258,
pt,11,317,261,
pt,12,331,267,
pt,13,289,287,
pt,14,268,308,
pt,15,258,320,
pt,16,264,350,
pt,17,277,353,
shape,10,-16765349,ArmL,255,0,10,5,5,
shapefx,0,0,0,0,0,0,0,1,1,1,0,0,0
pt,0,284,305,
pt,1,278,306,
pt,2,276,297,
pt,3,273,291,
pt,4,285,285,
pt,5,333,271,
pt,6,333,263,
pt,7,340,259,
pt,8,316,217,
pt,9,321,213,
pt,10,325,215,
pt,11,324,208,
pt,12,335,215,
pt,13,341,226,
pt,14,351,261,
pt,15,345,276,
pt,16,327,286,
pt,17,297,297,
shape,11,-1,reflet,255,0,10,5,5,
shapefx,0,0,0,0,0,0,0,0,0,0,0,0,0
pt,0,251,129,
pt,1,279,128,
pt,2,280,161,
pt,3,260,165,
pt,4,235,170,
pt,5,230,131,
shape,12,-16760704,oreilleR,255,0,10,5,5,
shapefx,0,0,0,0,0,0,0,1,1,1,0,0,0
pt,0,255,99,
pt,1,231,65,
pt,2,278,61,
pt,3,283,24,
pt,4,301,67,
pt,5,282,99,
shape,13,-1,eye_R,255,0,10,5,5,
shapefx,0,0,0,0,0,0,0,1,1,1,0,0,0
pt,0,222,117,
pt,1,250,116,
pt,2,251,149,
pt,3,231,153,
pt,4,206,158,
pt,5,201,119,
shape,14,-16777216,irisL,255,0,10,5,5,
shapefx,0,0,0,0,0,0,0,1,1,1,0,0,0
pt,0,246,133,
pt,1,263,133,
pt,2,263,153,
pt,3,251,155,
pt,4,236,158,
pt,5,233,135,
shape,15,-16777216,irisR,255,0,10,5,5,
shapefx,0,0,0,0,0,0,0,1,1,1,0,0,0
pt,0,223,130,
pt,1,240,130,
pt,2,240,150,
pt,3,228,152,
pt,4,213,155,
pt,5,210,132,
shape,16,-16777216,Nose,255,0,10,5,5,
shapefx,0,0,0,0,0,0,0,1,1,1,0,0,0
pt,0,180,147,
pt,1,197,147,
pt,2,201,181,
pt,3,185,169,
pt,4,160,173,
pt,5,167,149,
shape,17,-16777216,Mouth,255,0,10,5,5,
shapefx,0,0,0,0,0,0,0,1,1,1,0,0,0
pt,0,261,187,
pt,1,282,177,
pt,2,281,195,
pt,3,261,201,
pt,4,220,194,
pt,5,229,182,
