gen,,0.06,
shape,0,-16777216,Noir,255,0,10,5,5,
shapefx,0,0,0,-16746241,255,0,0,10,5,5,100,0,0
pt,0,153,164,
pt,1,267,91,
pt,2,451,135,
pt,3,412,326,
pt,4,389,364,
pt,5,350,418,
pt,6,198,352,
pt,7,121,296,
pt,8,115,186,
shape,1,-2888712,Shape_7,255,0,10,5,5,
shapefx,0,0,0,-16746241,255,0,0,10,5,5,100,0,0
pt,0,165,176,
pt,1,271,108,
pt,2,442,149,
pt,3,406,327,
pt,4,384,362,
pt,5,348,412,
pt,6,207,351,
pt,7,135,299,
pt,8,130,196,
shape,2,-16768702,Cil,255,0,10,5,5,
shapefx,0,0,0,0,0,0,0,1,1,1,0,0,0
pt,0,49,58,
pt,1,266,43,
pt,2,482,-2,
pt,3,446,151,
pt,4,416,7,
pt,5,28,284,
shape,3,-16760704,iris,255,0,10,5,5,
shapefx,0,0,0,0,0,0,0,1,1,1,0,0,0
pt,0,248,184,
pt,1,345,145,
pt,2,419,280,
pt,3,342,321,
pt,4,219,363,
pt,5,178,216,
shape,4,-16777216,reflet,255,0,10,5,5,
shapefx,0,0,0,0,0,0,0,1,1,1,0,0,0
pt,0,276,198,
pt,1,354,196,
pt,2,356,285,
pt,3,300,297,
pt,4,234,310,
pt,5,218,205,
shape,5,-1,Shape_5,255,0,10,5,5,
shapefx,0,0,0,0,0,0,0,1,1,1,0,0,0
pt,0,223,152,
pt,1,298,150,
pt,2,299,235,
pt,3,246,246,
pt,4,183,259,
pt,5,168,158,
shape,6,-1,Shape_6,255,0,10,5,5,
shapefx,0,0,0,0,0,0,0,1,1,1,0,0,0
pt,0,301,304,
pt,1,338,303,
pt,2,339,345,
pt,3,312,351,
pt,4,281,357,
pt,5,274,307,
