gen,,
shape,0,-16764316,line,255,1,13,5,5,
pt,0,400,248,
pt,1,578,336,
pt,2,91,377,
pt,3,210,292,
pt,4,202,144,
pt,5,322,66,
shape,1,-14787352,head_gloub,0,0,10,5,5,
pt,0,397,246,
pt,1,575,334,
pt,2,88,375,
pt,3,207,290,
pt,4,199,142,
pt,5,319,64,
shape,2,-1313796,eyeR_gloub,0,0,10,5,5,
pt,0,261,186,
pt,1,309,174,
pt,2,336,241,
pt,3,278,261,
pt,4,222,276,
pt,5,204,200,
shape,3,-1313796,eyeL_gloub,0,0,10,5,5,
pt,0,320,180,
pt,1,368,168,
pt,2,392,233,
pt,3,334,253,
pt,4,278,268,
pt,5,263,194,
shape,4,-16777216,iris_bloug,0,0,10,5,5,
pt,0,261,204,
pt,1,289,196,
pt,2,304,242,
pt,3,276,251,
pt,4,236,262,
pt,5,230,212,
shape,5,-16777216,irisL,0,0,10,5,5,
pt,0,327,197,
pt,1,355,189,
pt,2,364,232,
pt,3,336,241,
pt,4,296,252,
pt,5,296,205,
shape,6,-16760704,mouth,0,0,10,5,5,
pt,0,388,280,
pt,1,382,299,
pt,2,390,312,
pt,3,346,317,
pt,4,306,317,
pt,5,261,308,
pt,6,241,297,
pt,7,291,299,
pt,8,356,310,
shape,7,-1,reflet,255,0,10,5,5,
pt,0,266,191,
pt,1,292,184,
pt,2,293,217,
pt,3,279,221,
pt,4,244,229,
pt,5,246,197,
shape,8,-1,reflet2,255,0,10,5,5,
pt,0,331,183,
pt,1,357,176,
pt,2,358,209,
pt,3,344,213,
pt,4,309,221,
pt,5,311,189,
shape,9,-8355776,hat,255,0,10,5,5,
pt,0,370,153,
pt,1,492,158,
pt,2,97,256,
pt,3,216,171,
pt,4,211,122,
pt,5,311,78,
