obj,,0,0,0,0,0,0,0
shape,0,-9642129,Shape_0,255,0,10,5,5,0,0,0,
shapefx,0,0,0,-16746241,255,0,0,10,5,5,100,0,0,0
pt,0,177,34,
pt,1,395,109,
pt,2,354,234,
pt,3,318,387,
pt,4,117,320,
pt,5,151,181,
obj,obj_0,70,109,100,100,16,0,0
shape,0,-12577347,shape_1,255,0,10,5,5,0,0,0,
shapefx,0,0,0,-16746241,255,0,1,10,5,5,100,0,0,1
pt,0,177,34,
pt,1,395,109,
pt,2,354,234,
pt,3,318,387,
pt,4,117,320,
pt,5,151,181,
shape,1,-8856356,Circle_1,255,0,10,5,5,3,40,40,
shapefx,0,0,0,-16746241,255,0,0,10,5,5,100,0,0,0
pt,0,208,178,
pt,1,0,0,
pt,2,0,0,
pt,3,0,0,
pt,4,0,0,
pt,5,0,0,
shape,2,-8856356,Circle_2,255,0,10,5,5,3,40,40,
shapefx,0,0,0,-16746241,255,0,0,10,5,5,100,0,0,0
pt,0,281,152,
pt,1,0,0,
pt,2,0,0,
pt,3,0,0,
pt,4,0,0,
pt,5,0,0,
shape,3,-16777216,Shape_3,255,0,10,5,5,3,20,20,
shapefx,0,0,0,-16746241,255,0,0,10,5,5,100,0,0,0
pt,0,279,162,
pt,1,0,0,
pt,2,0,0,
pt,3,0,0,
pt,4,0,0,
pt,5,0,0,
shape,4,-16777216,Shape_4,255,0,10,5,5,3,20,20,
shapefx,0,0,0,-16746241,255,0,0,10,5,5,100,0,0,0
pt,0,212,189,
pt,1,0,0,
pt,2,0,0,
pt,3,0,0,
pt,4,0,0,
pt,5,0,0,
shape,5,-16777216,Shape_4,255,0,10,5,5,3,55,20,
shapefx,0,0,0,-16746241,255,0,0,10,5,5,100,0,0,0
pt,0,266,252,
pt,1,0,0,
pt,2,0,0,
pt,3,0,0,
pt,4,0,0,
pt,5,0,0,
