gen,,
shape,0,-3743491,truc,0,0,10,5,5,
pt,0,211,128,
pt,1,329,102,
pt,2,334,256,
pt,3,238,266,
pt,4,185,265,
pt,5,105,165,
shape,1,-1,Shape_3,255,0,10,5,5,
pt,0,196,172,
pt,1,239,163,
pt,2,241,219,
pt,3,205,222,
pt,4,187,222,
pt,5,157,186,
shape,2,-1,Shape_4,255,0,10,5,5,
pt,0,261,157,
pt,1,304,148,
pt,2,306,204,
pt,3,270,207,
pt,4,252,207,
pt,5,222,171,
shape,3,-16777216,Shape_6,255,0,10,5,5,
pt,0,256,169,
pt,1,283,163,
pt,2,284,198,
pt,3,262,200,
pt,4,250,200,
pt,5,232,178,
shape,4,-5051663,Shape_0,0,0,10,5,5,
pt,0,177,34,
pt,1,395,109,
pt,2,247,183,
pt,3,216,183,
pt,4,173,172,
pt,5,151,181,
shape,5,-16777216,Shape_5,255,0,10,5,5,
pt,0,190,181,
pt,1,217,175,
pt,2,218,210,
pt,3,196,212,
pt,4,184,212,
pt,5,166,190,
shape,6,-4144960,truc2,0,0,10,5,5,
pt,0,309,89,
pt,1,381,32,
pt,2,417,129,
pt,3,227,192,
pt,4,59,185,
pt,5,83,121,
pt,6,171,100,
pt,7,151,172,
pt,8,206,158,
