gen,,
shape,0,-3743491,truc,0,0,10,5,5,
pt,0,211,128,
pt,1,329,102,
pt,2,334,256,
pt,3,238,266,
pt,4,185,265,
pt,5,105,165,
shape,1,-5051663,Shape_0,0,0,10,5,5,
pt,0,177,34,
pt,1,395,109,
pt,2,247,183,
pt,3,216,183,
pt,4,173,172,
pt,5,151,181,
shape,2,-4144960,truc2,0,0,10,5,5,
pt,0,250,180,
pt,1,273,209,
pt,2,347,344,
pt,3,270,385,
pt,4,147,427,
pt,5,106,280,
pt,6,112,191,
pt,7,92,263,
pt,8,147,249,
shape,3,0,,0,0,0,0,0,
pt,0,0,0,
pt,1,0,0,
pt,2,0,0,
pt,3,0,0,
pt,4,0,0,
pt,5,0,0,
shape,4,-1,reflet,0,0,10,5,5,
pt,0,252,158,
pt,1,288,157,
pt,2,289,198,
pt,3,263,204,
pt,4,232,210,
pt,5,225,161,
shape,5,-1,reflet,0,0,10,5,5,
pt,0,252,158,
pt,1,288,157,
pt,2,289,198,
pt,3,263,204,
pt,4,232,210,
pt,5,225,161,
