gen, ,0.15,
obj,Object0,0,0,100,100,0,0,0,255,0,
shape,0,-8856356,Circle_0,255,0,10,5,5,3,80,40,,300,200,
shapefx,0,0,0,-16746241,255,0,0,10,5,5,100,0,0,0
pt,0,0,0,
shape,1,1681921469,shape_2,100,0,1,1,1,0,0,0,,300,160,
shapefx,0,0,0,0,0,0,0,1,1,1,0,0,0,0
pt,0,0,0,
pt,1,107,0,
pt,2,107,80,
pt,3,0,80,
pt,4,-107,80,
pt,5,-107,0,
shape,2,-8856356,Shape_2,255,0,10,5,5,3,30,40,,150,80,
shapefx,0,0,0,-16746241,255,0,0,10,5,5,100,0,0,0
pt,0,0,0,
shape,3,1681921469,Shape_3,100,0,1,1,1,0,0,0,,150,40,
shapefx,0,0,0,0,0,0,0,1,1,1,0,0,0,0
pt,0,0,0,
pt,1,40,0,
pt,2,40,80,
pt,3,0,80,
pt,4,-40,80,
pt,5,-40,0,
shape,4,-8856356,Shape_4,255,0,10,5,5,3,60,30,,150,200,
shapefx,0,0,0,-16746241,255,0,0,10,5,5,100,0,0,0
pt,0,0,0,
shape,5,1681921469,Shape_5,100,0,1,1,1,0,0,0,,150,170,
shapefx,0,0,0,0,0,0,0,1,1,1,0,0,0,0
pt,0,0,0,
pt,1,80,0,
pt,2,80,60,
pt,3,0,60,
pt,4,-80,60,
pt,5,-80,0,
