gen, ,0.17,
obj,Object0,0,0,100,100,0,0,0,255,0,
shape,0,-8856356,RoundBox_0,255,0,10,5,5,2,50,50,,39,38,
shapefx,0,1,1,2013296895,120,1,0,7,16,20,93,100,100,1
shapefx,1,-2,-2,-16757093,255,0,0,10,5,5,111,0,0,1
shapefx,2,-1,-1,-16752449,255,0,0,10,5,5,107,0,0,1
shapefx,3,-6,2,1006632960,60,0,0,10,5,5,111,100,100,1
pt,0,-25,-26,
shape,1,-8856356,Shape_1,255,0,10,5,5,2,150,50,,103,38,
shapefx,0,2,1,2013296895,120,1,0,7,16,20,97,100,100,1
shapefx,1,-5,-2,-16757093,255,0,0,10,5,5,109,0,0,1
shapefx,2,-2,-1,-16752449,255,0,0,10,5,5,104,0,0,1
shapefx,3,-6,2,1006632960,60,0,0,10,5,5,111,100,100,1
shapefx,4,10,3,1308622847,77,1,0,10,5,5,35,0,0,1
pt,0,-25,-26,
