gen, ,0.15,
obj,Object0,0,0,100,100,0,0,1,255,0,
shape,0,-256,sky,255,0,10,5,5,1,1102,850,,-44,-34,
shapefx,0,0,0,-16746241,255,0,0,10,5,5,100,0,0,0
pt,0,0,0,
shape,1,-128,skyline,255,0,10,5,5,4,5,5,,0,0,
shapefx,0,0,0,-16746241,255,0,0,10,5,5,100,0,0,0
pt,0,-136,76,
pt,1,1166,34,
pt,2,1236,96,
pt,3,-88,162,
shape,2,-128,skyline1,255,0,10,5,5,4,5,5,,-36,130,
shapefx,0,0,0,-16746241,255,0,0,10,5,5,100,0,0,0
pt,0,-133,81,
pt,1,1166,-7,
pt,2,1239,53,
pt,3,-82,165,
shape,3,1683974422,tree2,100,0,1,1,1,0,0,0,,1021,213,
shapefx,0,-6,26,1342177280,80,1,0,10,5,5,98,0,0,1
pt,0,430,78,
pt,1,591,35,
pt,2,1147,450,
pt,3,901,452,
pt,4,806,472,
pt,5,-207,449,
pt,6,-304,446,
pt,7,-459,445,
pt,8,-402,318,
pt,9,-382,229,
pt,10,-350,143,
pt,11,-283,191,
pt,12,-249,252,
pt,13,-244,217,
pt,14,-179,54,
pt,15,-129,25,
pt,16,-43,6,
pt,17,-27,159,
pt,18,-11,238,
pt,19,14,158,
pt,20,31,10,
pt,21,197,15,
pt,22,215,-113,
pt,23,380,-16,
shape,4,-10524394,tree,255,0,1,1,1,0,0,0,,204,300,
shapefx,0,-6,26,1342177280,80,1,0,10,5,5,98,0,0,1
pt,0,430,78,
pt,1,569,41,
pt,2,1048,399,
pt,3,836,400,
pt,4,754,418,
pt,5,-119,398,
pt,6,-203,395,
pt,7,-336,394,
pt,8,-287,285,
pt,9,-270,208,
pt,10,-242,134,
pt,11,-185,175,
pt,12,-155,228,
pt,13,-151,198,
pt,14,-95,57,
pt,15,-52,32,
pt,16,22,16,
pt,17,36,148,
pt,18,50,216,
pt,19,71,147,
pt,20,86,19,
pt,21,229,24,
pt,22,245,-87,
pt,23,387,-3,
shape,5,-16760704,ground,255,0,10,5,5,1,1204,198,,-106,616,
shapefx,0,0,0,-16746241,255,0,0,10,5,5,100,0,0,0
pt,0,0,0,
shape,6,2020003579,sun_der,120,0,10,5,5,3,94,92,,908,93,
shapefx,0,0,0,-16746241,255,0,0,10,5,5,100,0,0,0
pt,0,0,1,
shape,7,-6102531,Sun,255,0,10,5,5,3,80,80,,907,91,
shapefx,0,0,0,-16746241,255,0,0,10,5,5,100,0,0,0
pt,0,0,1,
obj,claudia,0,0,100,100,1,0,1,255,0,
shape,0,-7225358,Shape_8,255,0,1,1,1,0,0,0,,282,297,
shapefx,0,-1,27,2013296895,120,1,0,7,16,20,70,100,100,1
pt,0,1,-9,
pt,1,37,-1,
pt,2,-7,30,
pt,3,26,87,
pt,4,6,86,
pt,5,-8,85,
pt,6,-29,84,
pt,7,7,41,
pt,8,-33,-8,
shape,1,-16760704,Shape_7,255,0,1,1,1,0,0,0,,395,182,
shapefx,0,0,25,1342177280,80,1,0,10,5,5,84,0,0,1
pt,0,10,-2,
pt,1,46,5,
pt,2,31,226,
pt,3,2,220,
pt,4,-33,212,
pt,5,-40,157,
pt,6,-20,157,
pt,7,0,157,
pt,8,-24,-2,
shape,2,-16760704,Shape_6,255,0,1,1,1,0,0,0,,169,152,
shapefx,0,0,39,1342177280,80,1,0,10,5,5,80,0,0,1
pt,0,0,0,
pt,1,37,7,
pt,2,22,228,
pt,3,-6,222,
pt,4,-41,213,
pt,5,-51,159,
pt,6,-29,158,
pt,7,-9,158,
pt,8,-32,0,
shape,3,-7225358,head,255,0,1,1,1,0,0,0,,280,215,
shapefx,0,-1,-1,-16760704,255,0,1,8,5,5,100,100,100,1
shapefx,1,-14,10,1509980415,90,1,0,7,16,20,81,100,100,1
pt,0,133,-14,
pt,1,120,129,
pt,2,-133,125,
pt,3,-118,-3,
pt,4,-90,-143,
pt,5,120,-157,
shape,4,-1,shape_1,255,0,1,1,1,0,0,0,,251,170,
shapefx,0,-2,-3,-16777216,255,0,1,10,5,5,100,100,100,1
shapefx,1,0,7,503316480,30,1,0,10,5,5,80,0,0,1
pt,0,20,7,
pt,1,15,73,
pt,2,-106,73,
pt,3,-99,12,
pt,4,-97,-51,
pt,5,17,-46,
shape,5,-1,Shape_1,255,0,1,1,1,0,0,0,,404,170,
shapefx,0,1,-3,-16777216,255,0,1,8,5,5,100,100,100,1
shapefx,1,0,7,503316480,30,1,0,10,5,5,80,0,0,1
pt,0,20,7,
pt,1,16,76,
pt,2,-106,73,
pt,3,-99,12,
pt,4,-91,-54,
pt,5,14,-61,
shape,6,-16744448,Shape_2,255,0,1,1,1,0,0,0,,246,166,
shapefx,0,0,0,-16746241,255,0,0,10,5,5,100,0,0,0
pt,0,20,7,
pt,1,18,44,
pt,2,-42,39,
pt,3,-38,9,
pt,4,-35,-26,
pt,5,17,-26,
shape,7,-16744448,Shape_3,255,0,1,1,1,0,0,0,,388,168,
shapefx,0,0,0,-16746241,255,0,0,10,5,5,100,0,0,0
pt,0,20,7,
pt,1,18,44,
pt,2,-42,39,
pt,3,-38,9,
pt,4,-35,-26,
pt,5,17,-26,
shape,8,-16760704,Shape_5,255,0,1,1,1,0,0,0,,273,247,
shapefx,0,0,0,-16746241,255,0,0,10,5,5,100,0,0,0
pt,0,10,-2,
pt,1,46,5,
pt,2,34,45,
pt,3,5,39,
pt,4,-30,31,
pt,5,-24,-2,
shape,9,-16760704,Shape_9,255,0,1,1,1,0,0,0,,283,350,
shapefx,0,0,21,1342177280,80,1,0,10,5,5,91,0,0,1
pt,0,1,-9,
pt,1,55,-5,
pt,2,-4,111,
pt,3,103,296,
pt,4,38,293,
pt,5,-56,301,
pt,6,-124,297,
pt,7,-8,158,
pt,8,-90,5,
