gen,defaut,0.05,
shape,0,-12577347,shape_1,255,0,10,5,5,
pt,0,317,170,
pt,1,441,169,
pt,2,437,351,
pt,3,323,347,
pt,4,205,351,
pt,5,209,169,
shape,1,-15921782,Shape_1,255,0,10,5,5,
pt,0,317,213,
pt,1,422,212,
pt,2,423,349,
pt,3,326,346,
pt,4,226,349,
pt,5,225,212,
shape,2,-6513419,Shape_2,255,0,10,5,5,
pt,0,285,203,
pt,1,326,202,
pt,2,326,256,
pt,3,288,255,
pt,4,250,256,
pt,5,250,202,
shape,3,-6513419,Shape_3,255,0,10,5,5,
pt,0,358,185,
pt,1,382,190,
pt,2,376,213,
pt,3,354,207,
pt,4,332,202,
pt,5,338,180,
