obj,truc,0,0,100,100,0,0,0
shape,0,-16760704,sol,255,0,10,5,5,0,0,0,;;0;,-20,707,
shapefx,0,0,0,0,0,0,0,1,1,1,0,0,0,0
pt,0,-1,1,
pt,1,-18,-147,
pt,2,92,12,
pt,3,335,-22,
pt,4,935,-39,
pt,5,1114,-118,
pt,6,1111,27,
pt,7,1134,135,
pt,8,858,109,
pt,9,484,116,
pt,10,137,119,
pt,11,-11,183,
shape,1,2021186780,Circle_0,120,0,10,5,5,3,120,120,;;0;,865,130,
shapefx,0,0,0,-16746241,255,0,0,10,5,5,100,0,0,0
pt,0,0,0,
shape,2,-12577347,body,255,0,10,5,5,0,0,0,;;0;,148,359,
shapefx,0,0,0,0,0,0,0,1,1,1,0,0,0,0
pt,0,2,-4,
pt,1,220,71,
pt,2,20,166,
pt,3,68,268,
pt,4,-196,312,
pt,5,-24,143,
shape,3,-8856356,Circle_1,255,0,10,5,5,3,52,34,;;0;,171,367,
shapefx,0,0,0,-16746241,255,0,0,10,5,5,100,0,0,0
pt,0,0,0,
shape,4,-13908481,arm,255,0,10,5,5,0,0,0,;;0;,-142,266,
shapefx,0,0,0,0,0,0,0,1,1,1,0,0,0,0
pt,0,258,374,
pt,1,237,367,
pt,2,222,379,
pt,3,223,393,
pt,4,176,360,
pt,5,151,283,
pt,6,159,270,
pt,7,169,270,
pt,8,252,177,
pt,9,303,147,
pt,10,313,147,
pt,11,333,154,
pt,12,329,166,
pt,13,247,213,
pt,14,207,257,
pt,15,188,284,
pt,16,204,343,
pt,17,232,347,
shape,5,-2491416,Shape_3,255,0,10,5,5,0,0,0,;;0;,0,0,
shapefx,0,0,0,0,0,0,0,1,1,1,0,0,0,0
pt,0,226,124,
pt,1,253,115,
pt,2,273,171,
pt,3,236,178,
pt,4,208,180,
pt,5,197,135,
shape,6,-16760254,Shape_4,255,0,10,5,5,0,0,0,;;0;,0,0,
shapefx,0,0,0,0,0,0,0,0,0,0,0,0,0,0
pt,0,229,134,
pt,1,244,129,
pt,2,268,159,
pt,3,238,165,
pt,4,222,169,
pt,5,211,140,
shape,7,-16079976,Shape_0,255,0,10,5,5,0,0,0,;;0;,0,0,
shapefx,0,0,0,0,0,0,0,1,1,1,0,0,0,0
pt,0,310,307,
pt,1,482,280,
pt,2,246,354,
pt,3,167,364,
pt,4,125,369,
pt,5,255,239,
pt,6,163,207,
pt,7,74,183,
pt,8,85,17,
pt,9,228,120,
pt,10,231,213,
pt,11,534,252,
pt,12,304,280,
pt,13,258,282,
pt,14,278,314,
shape,8,-2491416,Shape_1,255,0,10,5,5,0,0,0,;;0;,0,0,
shapefx,0,0,0,0,0,0,0,0,0,0,0,0,0,0
pt,0,194,132,
pt,1,221,123,
pt,2,241,179,
pt,3,204,186,
pt,4,176,188,
pt,5,165,143,
shape,9,1685642460,Shape_10,100,0,10,5,5,3,32,24,;;0;,833,124,
shapefx,0,0,0,-16746241,255,0,0,10,5,5,100,0,0,0
pt,0,0,0,
shape,10,-16760254,Shape_2,255,0,10,5,5,0,0,0,;;0;,0,0,
shapefx,0,0,0,0,0,0,0,1,1,1,0,0,0,0
pt,0,200,147,
pt,1,215,142,
pt,2,239,172,
pt,3,209,178,
pt,4,193,182,
pt,5,182,153,
shape,11,1685642460,Circle_9,100,0,10,5,5,3,28,17,;;0;,870,47,
shapefx,0,0,0,-16746241,255,0,0,10,5,5,100,0,0,0
pt,0,0,0,
shape,12,1685642460,Shape_10,100,0,10,5,5,3,28,17,;;0;,915,86,
shapefx,0,0,0,-16746241,255,0,0,10,5,5,100,0,0,0
pt,0,0,0,
shape,13,1685642460,Shape_10,100,0,10,5,5,3,18,13,;;0;,801,76,
shapefx,0,0,0,-16746241,255,0,0,10,5,5,100,0,0,0
pt,0,0,0,
