gen, ,0.4200,20210915195918,
camera,0,Camera Default,0,0,1024,768,100,1,0,0,0,0,0,
obj,Object0,0,0,100,100,0,0,0,255,0,0,0,0,0,0,0,0,0,0,0,
shape,0,-2099209,eyeL,255,0,10,5,5,3,90,130,,-77,-95,0,rAdVj+88aAO+J,20,20,,
shapefx,0,-1,-1,-16777152,255,0,1,12,5,5,100,0,0,1
pt,0,337,257,1,5,0,0,
pt,1,338,260,0,0,0,0,
pt,2,110,45,0,0,0,0,
pt,3,110,45,0,0,0,0,
pt,4,110,45,0,0,0,0,
pt,5,110,45,0,0,0,0,
shape,1,-2099209,eye,255,0,10,5,5,3,90,130,,-77,-95,0,$1LqjlLVLçO(4,30,30,,
shapefx,0,-1,-1,-16777152,255,0,1,12,5,5,100,0,0,1
pt,0,182,268,1,5,0,0,
pt,1,183,271,0,0,0,0,
pt,2,-45,56,0,0,0,0,
pt,3,-45,56,0,0,0,0,
pt,4,-45,56,0,0,0,0,
pt,5,-45,56,0,0,0,0,
shape,2,-16777216,Circle_1,255,0,10,5,5,3,20,30,,-77,-95,0,j2xWEJX8KMMw,40,40,,
shapefx,0,0,0,-16746241,255,0,1,10,5,5,100,0,0,0
pt,0,383,333,1,5,0,0,
pt,1,384,335,0,0,0,0,
pt,2,153,122,0,0,0,0,
pt,3,153,122,0,0,0,0,
pt,4,153,122,0,0,0,0,
pt,5,153,122,0,0,0,0,
shape,3,-16777216,Shape_3,255,0,10,5,5,3,20,30,,-77,-95,0,HT9.9C(U4uEN,50,50,,
shapefx,0,0,0,-16746241,255,0,1,10,5,5,100,0,0,0
pt,0,242,321,1,5,0,0,
pt,1,243,323,0,0,0,0,
pt,2,12,110,0,0,0,0,
pt,3,12,110,0,0,0,0,
pt,4,12,110,0,0,0,0,
pt,5,12,110,0,0,0,0,
