gen, ,0.4500,20211007133546,,
camera,0,Camera Default,0,0,1024,768,100,1,0,0,0,0,0,
obj,Layer0,0,0,100,100,0,0,0,255,0,0,1075,983,0,16777215,255,0,255,0,10,
shape,0,-12577347,shape_1,255,0,10,5,5,0,0,0,,1,5,0,812+BWfXP&5v*,10,10,,0,0,0,
shapefx,0,0,0,0,0,0,0,1,1,1,0,0,0,0
pt,0,317,170,1,5,0,0,
pt,1,441,169,0,0,0,0,
pt,2,437,351,0,0,0,0,
pt,3,323,347,0,0,0,0,
pt,4,205,351,0,0,0,0,
pt,5,209,169,0,0,0,0,
shape,1,-15921782,Shape_1,255,0,10,5,5,0,0,0,,0,0,0,D+V)u.+V8zM=Y,20,20,,0,0,0,
shapefx,0,0,0,0,0,0,0,1,1,1,0,0,0,0
pt,0,317,213,1,5,0,0,
pt,1,422,212,0,0,0,0,
pt,2,423,349,0,0,0,0,
pt,3,326,346,0,0,0,0,
pt,4,226,349,0,0,0,0,
pt,5,225,212,0,0,0,0,
shape,2,-6513419,Shape_2,255,0,10,5,5,0,0,0,,0,0,0,x$axI7KvuE7GR,30,30,,0,0,0,
shapefx,0,0,0,0,0,0,0,1,1,1,0,0,0,0
pt,0,285,203,1,5,0,0,
pt,1,326,202,0,0,0,0,
pt,2,326,256,0,0,0,0,
pt,3,288,255,0,0,0,0,
pt,4,250,256,0,0,0,0,
pt,5,250,202,0,0,0,0,
shape,3,-6513419,Shape_3,255,0,10,5,5,0,0,0,,0,0,0,1a(P@5+EPN_)4,40,40,,0,0,0,
shapefx,0,0,0,0,0,0,0,1,1,1,0,0,0,0
pt,0,358,185,1,5,0,0,
pt,1,382,190,0,0,0,0,
pt,2,376,213,0,0,0,0,
pt,3,354,207,0,0,0,0,
pt,4,332,202,0,0,0,0,
pt,5,338,180,0,0,0,0,
obj,Layer1,0,0,100,100,1,1,0,255,0,0,1075,983,0,16777215,255,0,255,0,10,
shape,0,-16753458,Copy_2,255,0,10,5,5,0,0,0,,360,189,0,*3z$)3)X$c$V(,10,10,,0,0,0,
shapefx,0,0,0,-16746241,255,0,0,10,5,5,100,0,0,0
pt,0,0,0,1,5,0,0,
pt,1,223,-65,0,0,0,0,
pt,2,139,75,0,0,0,0,
pt,3,-35,287,0,0,0,0,
pt,4,-113,85,0,0,0,0,
pt,5,-179,-47,0,0,0,0,
