gen, ,0.4200,20210915194317,
camera,0,Camera Default,0,0,1024,768,100,1,0,0,0,0,0,
obj,Object0,0,0,100,100,0,0,0,255,0,0,0,0,0,0,0,0,0,0,0,
shape,0,1006632960,shado,60,0,10,5,5,0,0,0,,0,0,0,bm)gC+j(çdnne,10,10,,
shapefx,0,0,0,-16746241,255,0,0,10,5,5,100,0,0,0
pt,0,197,397,1,8,0,0,
pt,1,226,361,0,0,0,0,
pt,2,339,361,0,0,0,0,
pt,3,410,370,0,0,0,0,
pt,4,461,379,0,0,0,0,
pt,5,430,424,0,0,0,0,
pt,6,339,434,0,0,0,0,
pt,7,280,445,0,0,0,0,
pt,8,170,433,0,0,0,0,
shape,1,-16765349,armR,255,0,10,5,5,0,0,0,,0,0,0,q6G*SspqH$Osp,20,20,,
shapefx,0,0,0,0,0,0,0,1,1,1,0,0,0,0
pt,0,253,288,1,17,0,0,
pt,1,247,289,0,0,0,0,
pt,2,243,289,0,0,0,0,
pt,3,238,291,0,0,0,0,
pt,4,224,274,0,0,0,0,
pt,5,221,243,0,0,0,0,
pt,6,225,238,0,0,0,0,
pt,7,229,240,0,0,0,0,
pt,8,270,211,0,0,0,0,
pt,9,292,205,0,0,0,0,
pt,10,296,207,0,0,0,0,
pt,11,289,208,0,0,0,0,
pt,12,300,215,0,0,0,0,
pt,13,264,225,0,0,0,0,
pt,14,244,238,0,0,0,0,
pt,15,235,246,0,0,0,0,
pt,16,236,270,0,0,0,0,
pt,17,245,275,0,0,0,0,
shape,2,-16760704,Queue,255,0,10,5,5,0,0,0,,0,0,0,3iVp4IGà.8NIT,30,30,,
shapefx,0,0,0,-16746241,255,0,0,10,5,5,100,0,0,0
pt,0,366,280,1,5,0,0,
pt,1,458,256,0,0,0,0,
pt,2,432,360,0,0,0,0,
pt,3,506,398,0,0,0,0,
pt,4,399,403,0,0,0,0,
pt,5,348,339,0,0,0,0,
shape,3,-16763284,FootR,255,0,10,5,5,0,0,0,,0,0,0,w8§_Oz.hpqbF=,40,40,,
shapefx,0,0,0,0,0,0,0,1,1,1,0,0,0,0
pt,0,210,396,1,5,0,0,
pt,1,219,341,0,0,0,0,
pt,2,301,362,0,0,0,0,
pt,3,310,378,0,0,0,0,
pt,4,256,402,0,0,0,0,
pt,5,235,398,0,0,0,0,
shape,4,-16760704,Body,255,0,10,5,5,0,0,0,,0,0,0,hVIdAvz@àHV&U,50,50,,
shapefx,0,0,0,0,0,0,0,1,1,1,0,0,0,0
pt,0,286,194,1,8,0,0,
pt,1,325,179,0,0,0,0,
pt,2,430,200,0,0,0,0,
pt,3,374,289,0,0,0,0,
pt,4,350,308,0,0,0,0,
pt,5,312,275,0,0,0,0,
pt,6,320,264,0,0,0,0,
pt,7,315,229,0,0,0,0,
pt,8,259,215,0,0,0,0,
shape,5,-16763284,FootL,255,0,10,5,5,0,0,0,,0,0,0,9K)f=euu+@YMA,60,60,,
shapefx,0,0,0,0,0,0,0,1,1,1,0,0,0,0
pt,0,252,417,1,5,0,0,
pt,1,261,362,0,0,0,0,
pt,2,343,383,0,0,0,0,
pt,3,352,399,0,0,0,0,
pt,4,298,423,0,0,0,0,
pt,5,277,419,0,0,0,0,
shape,6,-16760704,Head,255,0,10,5,5,0,0,0,,0,0,0,h§K@Q%+7fjoo9,70,70,,
shapefx,0,0,0,0,0,0,0,1,1,1,0,0,0,0
pt,0,238,99,1,8,0,0,
pt,1,277,84,0,0,0,0,
pt,2,339,115,0,0,0,0,
pt,3,283,204,0,0,0,0,
pt,4,259,223,0,0,0,0,
pt,5,174,171,0,0,0,0,
pt,6,182,160,0,0,0,0,
pt,7,177,125,0,0,0,0,
pt,8,219,207,0,0,0,0,
shape,7,-16760704,oreilleL,255,0,10,5,5,0,0,0,,0,0,0,vHbGn)g8$-f)X,80,80,,
shapefx,0,0,0,0,0,0,0,1,1,1,0,0,0,0
pt,0,289,132,1,5,0,0,
pt,1,274,79,0,0,0,0,
pt,2,334,94,0,0,0,0,
pt,3,356,50,0,0,0,0,
pt,4,360,112,0,0,0,0,
pt,5,323,144,0,0,0,0,
shape,8,-16760704,LegL,255,0,10,5,5,0,0,0,,0,0,0,14doY9%kçsxK(,90,90,,
shapefx,0,0,0,0,0,0,0,1,1,1,0,0,0,0
pt,0,325,386,1,17,0,0,
pt,1,318,390,0,0,0,0,
pt,2,312,391,0,0,0,0,
pt,3,308,395,0,0,0,0,
pt,4,285,379,0,0,0,0,
pt,5,273,341,0,0,0,0,
pt,6,276,335,0,0,0,0,
pt,7,281,335,0,0,0,0,
pt,8,322,289,0,0,0,0,
pt,9,347,275,0,0,0,0,
pt,10,352,275,0,0,0,0,
pt,11,346,279,0,0,0,0,
pt,12,360,284,0,0,0,0,
pt,13,320,307,0,0,0,0,
pt,14,300,329,0,0,0,0,
pt,15,291,342,0,0,0,0,
pt,16,299,371,0,0,0,0,
pt,17,312,373,0,0,0,0,
shape,9,-16760704,LegR,255,0,10,5,5,0,0,0,,0,0,0,&ge33FrçB.V80,100,100,,
shapefx,0,0,0,0,0,0,0,1,1,1,0,0,0,0
pt,0,289,367,1,17,0,0,
pt,1,282,370,0,0,0,0,
pt,2,276,371,0,0,0,0,
pt,3,271,374,0,0,0,0,
pt,4,250,357,0,0,0,0,
pt,5,240,318,0,0,0,0,
pt,6,244,312,0,0,0,0,
pt,7,249,313,0,0,0,0,
pt,8,293,270,0,0,0,0,
pt,9,319,257,0,0,0,0,
pt,10,324,258,0,0,0,0,
pt,11,317,261,0,0,0,0,
pt,12,331,267,0,0,0,0,
pt,13,289,287,0,0,0,0,
pt,14,268,308,0,0,0,0,
pt,15,258,320,0,0,0,0,
pt,16,264,350,0,0,0,0,
pt,17,277,353,0,0,0,0,
shape,10,-16765349,ArmL,255,0,10,5,5,0,0,0,,0,0,0,s)dH5Fuh=GHx,110,110,,
shapefx,0,0,0,0,0,0,0,1,1,1,0,0,0,0
pt,0,284,305,1,17,0,0,
pt,1,278,306,0,0,0,0,
pt,2,276,297,0,0,0,0,
pt,3,273,291,0,0,0,0,
pt,4,285,285,0,0,0,0,
pt,5,333,271,0,0,0,0,
pt,6,333,263,0,0,0,0,
pt,7,340,259,0,0,0,0,
pt,8,316,217,0,0,0,0,
pt,9,321,213,0,0,0,0,
pt,10,325,215,0,0,0,0,
pt,11,324,208,0,0,0,0,
pt,12,335,215,0,0,0,0,
pt,13,341,226,0,0,0,0,
pt,14,351,261,0,0,0,0,
pt,15,345,276,0,0,0,0,
pt,16,327,286,0,0,0,0,
pt,17,297,297,0,0,0,0,
shape,11,-1,reflet,255,0,10,5,5,0,0,0,,0,0,0,g&Io8JHAB2+4V,120,120,,
shapefx,0,0,0,0,0,0,0,0,0,0,0,0,0,0
pt,0,251,129,1,5,0,0,
pt,1,279,128,0,0,0,0,
pt,2,280,161,0,0,0,0,
pt,3,260,165,0,0,0,0,
pt,4,235,170,0,0,0,0,
pt,5,230,131,0,0,0,0,
shape,12,-16760704,oreilleR,255,0,10,5,5,0,0,0,,0,0,0,8p$s@r1tVTvWV,130,130,,
shapefx,0,0,0,0,0,0,0,1,1,1,0,0,0,0
pt,0,255,99,1,5,0,0,
pt,1,231,65,0,0,0,0,
pt,2,278,61,0,0,0,0,
pt,3,283,24,0,0,0,0,
pt,4,301,67,0,0,0,0,
pt,5,282,99,0,0,0,0,
shape,13,-1,eye_R,255,0,10,5,5,0,0,0,,0,0,0,aVGgrs*VGw8U§,140,140,,
shapefx,0,0,0,0,0,0,0,1,1,1,0,0,0,0
pt,0,222,117,1,5,0,0,
pt,1,250,116,0,0,0,0,
pt,2,251,149,0,0,0,0,
pt,3,231,153,0,0,0,0,
pt,4,206,158,0,0,0,0,
pt,5,201,119,0,0,0,0,
shape,14,-16777216,irisL,255,0,10,5,5,0,0,0,,0,0,0,mcVWtVçGqO7$V,150,150,,
shapefx,0,0,0,0,0,0,0,1,1,1,0,0,0,0
pt,0,246,133,1,5,0,0,
pt,1,263,133,0,0,0,0,
pt,2,263,153,0,0,0,0,
pt,3,251,155,0,0,0,0,
pt,4,236,158,0,0,0,0,
pt,5,233,135,0,0,0,0,
shape,15,-16777216,irisR,255,0,10,5,5,0,0,0,,0,0,0,u&pWi_fGe18-,160,160,,
shapefx,0,0,0,0,0,0,0,1,1,1,0,0,0,0
pt,0,223,130,1,5,0,0,
pt,1,240,130,0,0,0,0,
pt,2,240,150,0,0,0,0,
pt,3,228,152,0,0,0,0,
pt,4,213,155,0,0,0,0,
pt,5,210,132,0,0,0,0,
shape,16,-16777216,Nose,255,0,10,5,5,0,0,0,,0,0,0,L1Gn(0m_fcpD(,170,170,,
shapefx,0,0,0,0,0,0,0,1,1,1,0,0,0,0
pt,0,180,147,1,5,0,0,
pt,1,197,147,0,0,0,0,
pt,2,201,181,0,0,0,0,
pt,3,185,169,0,0,0,0,
pt,4,160,173,0,0,0,0,
pt,5,167,149,0,0,0,0,
shape,17,-16777216,Mouth,255,0,10,5,5,0,0,0,,0,0,0,t-rç*2Ur%0jAC,180,180,,
shapefx,0,0,0,0,0,0,0,1,1,1,0,0,0,0
pt,0,261,187,1,5,0,0,
pt,1,282,177,0,0,0,0,
pt,2,281,195,0,0,0,0,
pt,3,261,201,0,0,0,0,
pt,4,220,194,0,0,0,0,
pt,5,229,182,0,0,0,0,
shape,18,0,shape_19,255,0,1,1,1,0,0,0,,0,0,0,7L$Y(b7*@gQWI,190,190,,
shapefx,0,0,0,0,0,0,0,1,1,1,0,0,0,0
pt,0,0,0,1,5,0,0,
pt,1,0,0,0,0,0,0,
pt,2,0,0,0,0,0,0,
pt,3,0,0,0,0,0,0,
pt,4,0,0,0,0,0,0,
pt,5,0,0,0,0,0,0,
shape,19,-8856356,Circle_0,255,0,10,5,5,0,132,102,,313,222,0,W(=KRa+zààUH1,200,200,,
shapefx,0,0,0,-16746241,255,0,0,10,5,5,100,0,0,0
pt,0,0,-102,1,5,0,0,
pt,1,-175,-102,0,0,0,0,
pt,2,-175,102,0,0,0,0,
pt,3,0,102,0,0,0,0,
pt,4,175,102,0,0,0,0,
pt,5,175,-102,0,0,0,0,
shape,20,-8856356,Circle_1,255,0,10,5,5,0,120,82,,395,226,0,w5M2$QXVId+.),210,210,,
shapefx,0,0,0,-16746241,255,0,0,10,5,5,100,0,0,0
pt,0,0,-82,1,5,0,0,
pt,1,-159,-82,0,0,0,0,
pt,2,-159,82,0,0,0,0,
pt,3,0,82,0,0,0,0,
pt,4,159,82,0,0,0,0,
pt,5,159,-82,0,0,0,0,
