gen, ,0.4200,20210915193859,
camera,0,Camera Default,0,0,1024,768,100,1,0,0,0,0,0,
obj,Object0,0,0,100,100,0,0,0,255,0,0,0,0,0,0,0,0,0,0,0,
shape,0,-2626309,Circle_0,255,0,10,5,5,3,40,40,,0,0,0,NCOçE_I9S8G6J,10,10,,
shapefx,0,0,0,-16746241,255,0,1,10,5,5,100,0,0,1
shapefx,1,0,0,-16744448,255,1,0,10,5,5,65,0,0,1
shapefx,2,0,0,-16777216,255,1,0,10,5,5,40,0,0,1
shapefx,3,-10,-16,-1,255,1,0,10,5,5,30,0,0,1
pt,0,684,446,1,0,0,0,
shape,1,-8856356,Text_0,255,0,100,500,1000,7,347,20,Text_0;Times New Roman;256;,42,95,0,boEuBWgg%$2hd,20,20,,
shapefx,0,0,0,-16746241,255,0,1,10,5,5,100,0,0,1
pt,0,0,0,1,0,0,0,
shape,2,0,shape_3,0,0,1,1,1,0,0,0,,0,0,0,iMIxwSBA8iFS_,30,30,,
shapefx,0,0,0,0,0,0,0,1,1,1,0,0,0,0
pt,0,0,0,1,5,0,0,
pt,1,0,0,0,0,0,0,
pt,2,0,0,0,0,0,0,
pt,3,0,0,0,0,0,0,
pt,4,0,0,0,0,0,0,
pt,5,0,0,0,0,0,0,
