gen,bossu,0.12,
obj,Fond,0,0,0,0,0,0,0
shape,0,-15159304,Text_1,255,0,10,5,5,7,80,5,Purebasic !;Witches Magic;0;,582,23,
shapefx,0,-7,5,1006632960,60,0,0,7,5,5,100,0,0,1
shapefx,1,0,0,-16746241,255,0,1,7,5,5,100,0,0,1
pt,0,0,0,
obj,Bossu,0,0,100,100,1,0,0
shape,0,-16760704,legL,255,1,5,5,5,4,5,5,;;0;,382,415,
shapefx,0,0,0,-12566400,255,0,0,10,5,5,100,0,0,1
pt,0,-22,13,
pt,1,58,133,
pt,2,38,336,
pt,3,95,352,
pt,4,105,131,
pt,5,63,78,
pt,6,-3,0,
shape,1,-12577347,body,255,0,10,5,5,0,115,77,;;0;,73,135,
shapefx,0,0,0,-16760704,255,0,1,10,1,1,100,0,0,1
shapefx,1,0,0,-16777088,255,1,0,10,5,5,90,0,0,1
pt,0,279,-54,
pt,1,570,-77,
pt,2,356,240,
pt,3,318,396,
pt,4,113,327,
pt,5,74,-58,
shape,2,-16760704,brasR,255,1,5,5,5,4,5,5,;;0;,288,216,
shapefx,0,0,0,-12566400,255,0,0,10,5,5,100,0,0,1
pt,0,-25,-4,
pt,1,-111,110,
pt,2,-182,285,
pt,3,-148,333,
pt,4,-122,242,
pt,5,-83,114,
pt,6,-2,-2,
shape,3,-7682561,oreilleR,255,0,10,5,5,3,32,30,;;0;,310,182,
shapefx,0,0,0,-16760704,255,0,1,10,5,5,100,0,0,1
pt,0,0,0,
shape,4,-7682561,oreilleL,255,0,10,5,5,3,32,30,;;0;,535,183,
shapefx,0,0,0,-16760704,255,0,1,10,5,5,100,0,0,1
pt,0,0,0,
shape,5,-7682561,head,255,0,10,5,5,3,113,88,;;0;,435,152,
shapefx,0,-1,0,-16760704,255,0,1,10,5,5,100,0,0,1
pt,0,0,0,
shape,6,-3542543,eye1,255,0,10,5,5,3,27,35,;;0;,426,131,
shapefx,0,0,0,-16760704,255,0,1,8,5,5,100,0,0,1
shapefx,1,0,0,-16379091,255,1,0,10,5,5,50,0,0,1
shapefx,2,-10,-10,-1,255,1,0,10,5,5,30,0,0,1
pt,0,0,0,
shape,7,-3542543,eye,255,0,10,5,5,3,27,35,;;0;,494,131,
shapefx,0,0,0,-16760704,255,0,1,8,5,5,100,0,0,1
shapefx,1,0,0,-16379091,255,1,0,10,5,5,50,0,0,1
shapefx,2,-10,-10,-1,255,1,0,10,5,5,30,0,0,1
pt,0,0,0,
shape,8,-16760704,bouche,255,1,5,5,5,4,5,5,;;0;,429,206,
shapefx,0,0,0,-16746241,255,0,0,10,5,5,100,0,0,0
pt,0,-13,-15,
pt,1,-21,-3,
pt,2,-14,-6,
pt,3,18,7,
pt,4,65,9,
pt,5,47,-5,
shape,9,-16760704,nez,255,1,5,5,5,4,5,5,;;0;,468,158,
shapefx,0,0,0,-7682561,255,0,0,10,5,5,100,0,0,1
pt,0,2,2,
pt,1,57,-5,
pt,2,104,30,
pt,3,6,31,
shape,10,-16760704,LegR,255,1,5,5,5,4,5,5,;;0;,321,427,
shapefx,0,0,0,-12566400,255,0,0,10,5,5,100,0,0,1
pt,0,-25,6,
pt,1,19,144,
pt,2,-56,333,
pt,3,-6,364,
pt,4,65,155,
pt,5,39,92,
pt,6,-3,-1,
