obj,defaut,0,0,100,100,0,0,0
shape,0,-5845257,head,255,0,10,5,5,0,0,0,
shapefx,0,-2,1,-16760704,255,0,1,13,1,1,100,0,0,1
pt,0,213,79,
pt,1,630,46,
pt,2,505,588,
pt,3,413,580,
pt,4,75,589,
pt,5,-192,85,
shape,1,-8856356,eyeL,255,0,10,5,5,3,90,130,
shapefx,0,-1,-1,-16777152,255,0,1,12,5,5,100,0,0,1
pt,0,337,257,
pt,1,338,260,
pt,2,110,45,
pt,3,110,45,
pt,4,110,45,
pt,5,110,45,
shape,2,-8856356,eye,255,0,10,5,5,3,90,130,
shapefx,0,-1,-1,-16777152,255,0,1,12,5,5,100,0,0,1
pt,0,182,268,
pt,1,183,271,
pt,2,-45,56,
pt,3,-45,56,
pt,4,-45,56,
pt,5,-45,56,
shape,3,-16777216,irisL,255,0,10,5,5,3,20,30,
shapefx,0,0,0,-16746241,255,0,1,10,5,5,100,0,0,0
pt,0,383,333,
pt,1,384,335,
pt,2,153,122,
pt,3,153,122,
pt,4,153,122,
pt,5,153,122,
shape,4,-16760704,noz,255,1,10,5,5,5,5,5,
shapefx,0,0,0,-16746241,255,0,1,10,5,5,100,0,0,0
pt,0,256,426,
pt,1,345,419,
pt,2,391,339,
pt,3,355,429,
shape,5,-16777216,irisR,255,0,10,5,5,3,20,30,
shapefx,0,0,0,-16746241,255,0,1,10,5,5,100,0,0,0
pt,0,241,315,
pt,1,242,318,
pt,2,11,104,
pt,3,11,104,
pt,4,11,104,
pt,5,11,104,
shape,6,-16760704,mouth,255,1,10,5,5,5,5,5,
shapefx,0,0,0,-16746241,255,0,1,10,5,5,100,0,0,0
pt,0,304,-82,
pt,1,313,-62,
pt,2,359,-142,
pt,3,323,-52,
