gen, ,0.22,
obj,defaut,0,0,100,100,0,0,0,255,0,
shape,0,-5845257,Shape_8,255,0,10,5,5,0,0,0,,88,438,
shapefx,0,-2,1,-16760704,255,0,1,13,1,1,100,0,0,1
pt,0,0,0,
pt,1,108,-9,
pt,2,76,132,
pt,3,52,130,
pt,4,-36,133,
pt,5,-105,2,
shape,1,-5845257,Shape_12,255,0,10,5,5,0,0,0,,645,346,
shapefx,0,-2,1,-16760704,255,0,1,13,1,1,100,0,0,1
pt,0,0,0,
pt,1,-108,-9,
pt,2,-76,132,
pt,3,-52,130,
pt,4,36,133,
pt,5,105,2,
shape,2,-5845257,head,255,0,10,5,5,0,0,0,,295,170,
shapefx,0,-2,1,-16760704,255,0,1,13,1,1,100,0,0,1
pt,0,0,0,
pt,1,417,-33,
pt,2,278,477,
pt,3,150,489,
pt,4,-188,498,
pt,5,-344,17,
shape,3,-2033416,eyeL,255,0,10,5,5,3,90,130,,100,88,
shapefx,0,-1,-1,-16777152,255,0,1,12,5,5,100,0,0,1
pt,0,337,257,
pt,1,338,260,
pt,2,110,45,
pt,3,110,45,
pt,4,110,45,
pt,5,110,45,
shape,4,-2033416,eye,255,0,10,5,5,3,90,130,,100,88,
shapefx,0,-1,-1,-16777152,255,0,1,12,5,5,100,0,0,1
pt,0,182,268,
pt,1,183,271,
pt,2,-45,56,
pt,3,-45,56,
pt,4,-45,56,
pt,5,-45,56,
shape,5,-15394242,Shape_13,255,0,10,5,5,5,5,5,,330,556,
shapefx,0,0,0,-16746241,255,0,0,10,5,5,100,0,0,0
pt,0,-11,-15,
pt,1,-31,84,
pt,2,71,75,
pt,3,109,8,
pt,4,46,7,
pt,5,49,2,
shape,6,-16760704,Shape_11,255,0,10,5,5,5,5,5,,597,445,
shapefx,0,0,0,-16746241,255,0,0,10,5,5,100,0,0,0
pt,0,0,0,
pt,1,12,-55,
pt,2,7,-81,
pt,3,84,-71,
pt,4,10,-61,
pt,5,38,-48,
shape,7,-16760704,Shape_10,255,0,10,5,5,5,5,5,,140,539,
shapefx,0,0,0,-16746241,255,0,0,10,5,5,100,0,0,0
pt,0,0,0,
pt,1,-12,-55,
pt,2,-7,-81,
pt,3,-84,-71,
pt,4,-10,-61,
pt,5,-38,-48,
shape,8,-16777216,Shape_7,255,0,10,5,5,5,5,5,,306,530,
shapefx,0,0,0,-16746241,255,0,0,10,5,5,100,0,0,0
pt,0,0,0,
pt,1,39,40,
pt,2,125,62,
pt,3,185,12,
pt,4,117,43,
pt,5,58,20,
shape,9,-16760704,noz,255,0,10,5,5,5,5,5,,384,196,
shapefx,0,0,0,-16746241,255,0,0,10,5,5,100,0,0,0
pt,0,0,0,
pt,1,24,44,
pt,2,134,72,
pt,3,185,12,
pt,4,117,43,
pt,5,34,-39,
shape,10,-16777216,Shape_9,255,0,10,5,5,5,5,5,,421,526,
shapefx,0,0,0,-16746241,255,0,0,10,5,5,100,0,0,0
pt,0,0,0,
pt,1,11,-29,
pt,2,-25,-77,
pt,3,-44,-64,
pt,4,-57,-56,
pt,5,-66,-39,
pt,6,-56,-44,
pt,7,-21,-82,
pt,8,-4,-20,
shape,11,-16777216,irisR,255,0,10,5,5,3,20,30,,85,94,
shapefx,0,0,0,-16746241,255,0,1,10,5,5,100,0,0,0
pt,0,241,315,
pt,1,242,318,
pt,2,11,104,
pt,3,11,104,
pt,4,11,104,
pt,5,11,104,
shape,12,-16777216,Shape_6,255,0,10,5,5,3,20,30,,442,419,
shapefx,0,0,0,-16746241,255,0,1,10,5,5,100,0,0,0
pt,0,0,0,
pt,1,1,2,
pt,2,-230,-212,
pt,3,-230,-212,
pt,4,-230,-212,
pt,5,-230,-212,
shape,13,-16760704,mouth,255,0,10,5,5,5,5,5,,172,253,
shapefx,0,0,0,-16746241,255,0,1,10,5,5,100,0,0,0
pt,0,0,0,
pt,1,52,-25,
pt,2,225,-109,
pt,3,182,-17,
pt,4,58,-7,
pt,5,-11,20,
shape,14,-12566339,Shape_14,255,0,10,5,5,5,5,5,,333,588,
shapefx,0,0,0,-16746241,255,0,0,10,5,5,100,0,0,0
pt,0,-11,-15,
pt,1,-20,29,
pt,2,63,40,
pt,3,42,-5,
pt,4,26,-21,
pt,5,7,-24,
