gen, ,0.17,
obj,Object0,0,0,100,100,0,0,0,255,0,
shape,0,-16771539,Chapo,255,0,10,5,5,0,92,137,,179,100,
shapefx,0,0,0,-16746241,255,0,0,10,5,5,100,0,0,0
pt,0,-31,4,
pt,1,-31,32,
pt,2,-60,40,
pt,3,-46,54,
pt,4,-22,78,
pt,5,-9,69,
pt,6,7,14,
pt,7,39,6,
pt,8,97,18,
pt,9,94,2,
pt,10,143,-71,
pt,11,-33,-116,
shape,1,-16744193,pate,255,0,10,5,5,0,92,137,,285,370,
shapefx,0,0,0,-16746241,255,0,0,10,5,5,100,0,0,0
pt,0,5,10,
pt,1,-22,10,
pt,2,-29,10,
pt,3,-29,27,
pt,4,-30,39,
pt,5,-25,32,
pt,6,5,33,
pt,7,27,33,
pt,8,55,53,
pt,9,55,31,
pt,10,58,20,
pt,11,38,3,
shape,2,-16766895,chapotour,255,0,10,5,5,0,92,137,,198,115,
shapefx,0,0,0,-16746241,255,0,0,10,5,5,100,0,0,0
pt,0,-2,-25,
pt,1,-59,7,
pt,2,-46,19,
pt,3,-25,35,
pt,4,-1,59,
pt,5,-40,57,
pt,6,7,14,
pt,7,64,4,
pt,8,45,12,
pt,9,42,-4,
pt,10,45,-17,
pt,11,40,-48,
shape,3,-14192369,corps,255,0,10,5,5,0,92,137,,235,285,
shapefx,0,0,0,-16746241,255,0,0,10,5,5,100,0,0,0
pt,0,-17,-184,
pt,1,-91,-183,
pt,2,-77,-107,
pt,3,-78,-48,
pt,4,-76,49,
pt,5,-78,105,
pt,6,17,107,
pt,7,89,107,
pt,8,89,48,
pt,9,85,-33,
pt,10,77,-140,
pt,11,93,-187,
shape,4,-2626309,eyeL,255,0,10,5,5,3,29,28,,268,141,
shapefx,0,0,-1,-16760832,255,0,1,4,5,5,100,0,0,1
shapefx,1,0,0,-16744448,255,1,0,10,5,5,65,0,0,0
shapefx,2,0,0,-16777216,255,1,0,10,5,5,28,0,0,1
shapefx,3,-7,-14,-1,255,1,0,10,5,5,37,0,0,1
shapefx,4,0,0,-16746241,255,0,0,10,5,5,100,0,0,0
pt,0,0,0,
shape,5,1677754623,ventre,100,0,1,1,1,0,0,0,,23,168,
shapefx,0,0,0,0,0,0,0,1,1,1,0,0,0,0
pt,0,245,62,
pt,1,297,87,
pt,2,308,214,
pt,3,230,219,
pt,4,94,205,
pt,5,166,48,
pt,6,186,48,
pt,7,179,80,
pt,8,211,102,
pt,9,218,62,
pt,10,249,118,
pt,11,243,95,
shape,6,-16760832,levre_coin,255,0,1,1,1,0,0,0,,221,178,
shapefx,0,0,0,0,0,0,0,1,1,1,0,0,0,0
pt,0,0,0,
pt,1,-19,-1,
pt,2,-32,18,
pt,3,-36,18,
pt,4,-30,5,
pt,5,-16,-5,
shape,7,-16746752,CilL,255,0,1,1,1,0,0,0,,310,115,
shapefx,0,0,0,0,0,0,0,1,1,1,0,0,0,0
pt,0,0,0,
pt,1,-21,-30,
pt,2,-53,-15,
pt,3,-58,-20,
pt,4,-31,-54,
pt,5,12,-25,
shape,8,-16760832,levre,255,0,1,1,1,0,0,0,,200,188,
shapefx,0,0,0,0,0,0,0,1,1,1,0,0,0,0
pt,0,0,0,
pt,1,14,13,
pt,2,35,7,
pt,3,39,10,
pt,4,26,16,
pt,5,9,14,
shape,9,-16748321,basbec,255,0,10,5,5,0,92,137,,260,223,
shapefx,0,0,0,-16746241,255,0,0,10,5,5,100,0,0,0
pt,0,-3,2,
pt,1,20,4,
pt,2,28,-5,
pt,3,30,-18,
pt,4,31,-30,
pt,5,20,-32,
pt,6,-4,-34,
pt,7,-21,-35,
pt,8,-30,-30,
pt,9,-30,-22,
pt,10,-31,-8,
pt,11,-28,2,
shape,10,-16760704,ceinture,255,0,10,5,5,0,92,137,,237,252,
shapefx,0,0,0,-16746241,255,0,0,10,5,5,100,0,0,0
pt,0,1,-1,
pt,1,-85,22,
pt,2,-80,12,
pt,3,-79,38,
pt,4,-77,85,
pt,5,-94,70,
pt,6,11,37,
pt,7,105,11,
pt,8,87,27,
pt,9,87,0,
pt,10,86,-42,
pt,11,104,-35,
shape,11,-2626309,eyeR,255,0,10,5,5,3,29,28,,214,142,
shapefx,0,0,-1,-16760832,255,0,1,4,5,5,100,0,0,1
shapefx,1,0,0,-16744448,255,1,0,10,5,5,65,0,0,0
shapefx,2,0,0,-16777216,255,1,0,10,5,5,28,0,0,1
shapefx,3,-7,-14,-1,255,1,0,10,5,5,37,0,0,1
shapefx,4,0,0,-16746241,255,0,0,10,5,5,100,0,0,0
shapefx,5,0,0,-16746241,255,0,0,10,5,5,100,0,0,0
pt,0,0,0,
shape,12,-16744193,bec_ht,255,0,10,5,5,0,92,137,,258,148,
shapefx,0,0,0,-16746241,255,0,0,10,5,5,100,0,0,0
pt,0,0,0,
pt,1,-29,-2,
pt,2,-30,26,
pt,3,-31,45,
pt,4,-32,56,
pt,5,-27,54,
pt,6,9,55,
pt,7,51,54,
pt,8,51,87,
pt,9,61,49,
pt,10,72,10,
pt,11,60,-5,
shape,13,-16742400,CilR,255,0,1,1,1,0,0,0,,225,102,
shapefx,0,0,0,0,0,0,0,1,1,1,0,0,0,0
pt,0,0,0,
pt,1,-34,15,
pt,2,-45,31,
pt,3,-52,31,
pt,4,-66,12,
pt,5,-11,-26,
shape,14,-2626309,Shape_14,255,0,10,5,5,0,20,20,,224,55,
shapefx,0,0,-1,-16760832,255,0,1,4,5,5,100,0,0,0
shapefx,1,0,0,-16744448,255,1,0,10,5,5,65,0,0,0
shapefx,2,0,0,-16777216,255,1,0,10,5,5,28,0,0,0
shapefx,3,-7,-14,-1,255,1,0,10,5,5,37,0,0,0
shapefx,4,0,0,-16746241,255,0,0,10,5,5,100,0,0,0
shapefx,5,0,0,-16746241,255,0,0,10,5,5,100,0,0,0
shapefx,6,0,0,-16746241,255,0,0,10,5,5,100,0,0,0
pt,0,1,-22,
pt,1,-18,-25,
pt,2,-22,-9,
pt,3,-16,7,
pt,4,-25,22,
pt,5,-9,24,
pt,6,-8,10,
pt,7,-9,26,
pt,8,1,34,
pt,9,3,13,
pt,10,11,23,
pt,11,25,30,
pt,12,18,6,
pt,13,21,-10,
pt,14,21,-18,
shape,15,-8355712,Shape_15,255,0,10,5,5,3,10,9,,220,50,
shapefx,0,0,-1,-16760832,255,0,1,4,5,5,100,0,0,0
shapefx,1,0,0,-16744448,255,1,0,10,5,5,65,0,0,0
shapefx,2,0,0,-16777216,255,1,0,10,5,5,28,0,0,0
shapefx,3,-7,-14,-1,255,1,0,10,5,5,37,0,0,0
shapefx,4,0,0,-16746241,255,0,0,10,5,5,100,0,0,0
shapefx,5,0,0,-16746241,255,0,0,10,5,5,100,0,0,0
shapefx,6,0,0,-16746241,255,0,0,10,5,5,100,0,0,0
pt,0,0,-1,
shape,16,-8355712,Shape_16,255,0,10,5,5,3,8,8,,229,53,
shapefx,0,0,-1,-16760832,255,0,1,4,5,5,100,0,0,0
shapefx,1,0,0,-16744448,255,1,0,10,5,5,65,0,0,0
shapefx,2,0,0,-16777216,255,1,0,10,5,5,28,0,0,0
shapefx,3,-7,-14,-1,255,1,0,10,5,5,37,0,0,0
shapefx,4,0,0,-16746241,255,0,0,10,5,5,100,0,0,0
shapefx,5,0,0,-16746241,255,0,0,10,5,5,100,0,0,0
shapefx,6,0,0,-16746241,255,0,0,10,5,5,100,0,0,0
pt,0,0,-1,
