gen, ,0.13,
obj,Object0,0,0,100,100,0,0,0
shape,0,1342177280,shado,80,0,1,1,1,0,0,0,,415,422,
shapefx,0,0,7,1677738112,100,1,0,10,5,5,50,0,0,0
shapefx,1,-1,-1,-16777216,255,0,1,8,5,5,100,100,100,0
pt,0,6,-3,
pt,1,276,-10,
pt,2,230,61,
pt,3,17,59,
pt,4,-232,60,
pt,5,-246,-8,
shape,1,-12577347,Body,255,0,1,1,1,0,0,0,,128,-201,
shapefx,0,0,7,1006632960,60,1,0,10,5,5,80,0,0,1
shapefx,1,-1,-1,-16777216,255,0,1,8,5,5,100,100,100,1
pt,0,287,372,
pt,1,518,452,
pt,2,601,660,
pt,3,278,658,
pt,4,-65,657,
pt,5,166,421,
shape,2,-16777216,mouth,255,0,1,1,1,0,0,0,,412,306,
shapefx,0,0,7,1677738112,100,1,0,10,5,5,50,0,0,1
shapefx,1,-1,-1,-16777216,255,0,1,8,5,5,100,100,100,1
pt,0,-2,8,
pt,1,78,3,
pt,2,64,45,
pt,3,19,46,
pt,4,-30,46,
pt,5,-70,3,
shape,3,-2626309,EyeL,255,0,10,5,5,3,40,40,,356,258,
shapefx,0,0,0,-16777216,255,0,1,4,5,5,100,0,0,1
shapefx,1,0,0,-16744448,255,1,0,10,5,5,65,0,0,1
shapefx,2,0,0,-16777216,255,1,0,10,5,5,40,0,0,1
shapefx,3,-10,-16,-1,255,1,0,10,5,5,30,0,0,1
pt,0,1,0,
shape,4,-2626309,eyeR,255,0,10,5,5,3,40,40,,487,262,
shapefx,0,0,0,-16777216,255,0,1,4,5,5,100,0,0,1
shapefx,1,0,0,-16744448,255,1,0,10,5,5,65,0,0,1
shapefx,2,0,0,-16777216,255,1,0,10,5,5,40,0,0,1
shapefx,3,-10,-16,-1,255,1,0,10,5,5,30,0,0,1
pt,0,1,0,


