gen, ,0.15,
obj,Object0,0,0,100,100,0,0,0,255,0,
shape,0,-16777216,shape_1,255,0,1,1,1,0,0,0,,237,247,
shapefx,0,0,0,-16746241,255,0,0,10,5,5,100,0,0,0
pt,0,294,166,
pt,1,-82,29,
pt,2,288,-146,
pt,3,289,28,
pt,4,265,-129,
pt,5,1,28,
shape,1,-16777216,Shape_1,255,0,1,1,1,0,0,0,,595,263,
shapefx,0,0,0,-16746241,255,0,0,10,5,5,100,0,0,0
pt,0,-26,18,
pt,1,12,-11,
pt,2,172,-64,
pt,3,172,29,
pt,4,128,-50,
pt,5,31,2,
shape,2,-16777216,Shape_2,255,0,1,1,1,0,0,0,,376,197,
shapefx,0,0,0,-16746241,255,0,0,10,5,5,100,0,0,0
pt,0,28,-5,
pt,1,66,-34,
pt,2,172,-64,
pt,3,172,29,
pt,4,133,-58,
pt,5,83,-26,
shape,3,-16777216,Shape_2,255,0,1,1,1,0,0,0,,538,349,
shapefx,0,0,0,-16746241,255,0,0,10,5,5,100,0,0,0
pt,0,-26,18,
pt,1,-12,7,
pt,2,49,-13,
pt,3,49,22,
pt,4,20,-2,
pt,5,3,11,
shape,4,-16777216,Shape_4,255,0,1,1,1,0,0,0,,510,281,
shapefx,0,0,0,-16746241,255,0,0,10,5,5,100,0,0,0
pt,0,-8,17,
pt,1,6,6,
pt,2,49,-13,
pt,3,49,22,
pt,4,20,-2,
pt,5,21,10,
shape,5,-16777216,Line_5,255,1,10,5,5,4,5,5,,0,0,
shapefx,0,0,0,-16746241,255,0,0,10,5,5,100,0,0,0
pt,0,841,303,
pt,1,734,343,
pt,2,761,612,
pt,3,691,613,
pt,4,706,351,
pt,5,534,416,
